25.8283157414 0.560261575099
24.8689827179 0.842538300964
24.0647540304 1.43685826376
23.1537977244 1.84936112279
24.1537316826 1.83786854853
23.350549488 2.43360201432
24.1289019288 3.0614296005
24.0709111536 4.05974671945
23.3501460606 4.75292611949
24.2430678405 4.30271428615
25.2291768183 4.46881390684
26.1939804787 4.73178519211
27.1498615441 5.02553915165
27.7033740882 5.85837999089
27.8444233507 6.84838256945
28.8435407407 6.80637732141
29.7965157928 6.50332856264
28.8389022679 6.21527242763
27.8446832669 6.1079012113
26.8642045608 6.30452650692
25.914238643 6.61688008072
24.9143234272 6.60385851515
24.4225833669 5.73311646775
24.0513702318 6.66166415544
23.0546195955 6.58111498314
24.0373723369 6.39619054106
24.9640872116 6.02042526713
25.9258575099 6.29428269962
26.8782649399 6.59911066304
27.4830295218 7.39551495767
27.5237405296 8.39468592094
28.029302545 9.25747619008
28.9246298965 8.8120674634
28.2034846636 8.11928354822
28.8656027584 7.36988403622
28.0170734447 6.84073566025
27.1508457336 6.34108623064
26.4980843255 7.09864978843
25.5281234095 7.34191059797
24.5603890647 7.59388329079
23.6769054686 7.12542119467
23.2807601219 6.20723337934
22.3941140195 5.74478479924
23.3915008597 5.81703084412
24.338611276 5.49612297676
25.3134100265 5.71920904992
25.3823240418 6.71683165316
26.2569401772 7.20164771685
25.4313200301 6.63742136798
24.8015421233 5.86064611862
23.8027636734 5.91005874957
22.883708429 5.51593001725
21.9537200984 5.88351906091
22.1445060054 6.86515073201
21.7452134297 7.7819742914
20.7459406743 7.74384346094
20.8099725019 6.74589560406
21.7693454506 6.46375460172
22.7015968775 6.10194349472
23.5746260926 5.61427558569
24.4952219821 6.00479217733
25.1925725871 6.72152234529
25.5667592668 7.64887574541
26.5667510831 7.65292140127
27.3502500089 7.03152826215
26.5513802442 6.4300242313
25.5655146451 6.59756234797
24.6269492813 6.25246082972
23.9888540774 7.022418303
24.0104995386 8.02218401255
23.0213342505 7.87537790662
22.0306315941 8.0114229234
22.80577592 7.37963872451
23.1606358717 6.44471925489
24.1093562561 6.76083574027
25.0484643417 7.10445763049
26.0232007565 7.32781591159
26.1963520725 8.3127111455
26.9960926932 8.9130568289
27.8118596521 9.49143755881
27.4408391192 8.56281289611
26.4516157128 8.4163989207
25.4623782132 8.27008019512
24.4627520492 8.24273916179
23.9593461068 9.10678919346
23.9963401396 10.1061046799
23.7220267613 11.067745034
22.7912182509 11.433252239
23.4608869548 10.6905922717
24.3469396267 10.227007692
25.0956519114 9.5641125911
26.0618214506 9.82202036848
26.0156057879 10.8209518539
26.040257939 11.8206479434
26.7859128506 12.4869802575
27.6802050902 12.9344636541
28.2190313289 12.0920467238
27.3592148937 11.5814434554
27.0742164597 12.5399714375
26.088445417 12.3718778578
25.4297770876 13.1243112647
25.070073257 14.0573777973
24.117670257 14.3622196015
23.2233558781 14.8096587501
23.1963620912 15.8092943514
23.8168385606 16.5935194154
23.5917144002 17.5678494993
23.80733165 18.5443274569
23.9754780748 19.5300894869
23.8050693995 20.5154629609
23.3604590049 21.4111870239
22.7096204084 22.1704031468
23.6550230878 22.496307694
24.3627240207 23.2028198238
23.3641167668 23.1500604404
23.948167695 23.961777456
24.4364422135 24.8344675468
24.8201510803 25.7579216634
25.7899267634 26.0019198692
26.7826069183 26.1226928385
25.8000830261 25.9365563262
26.6498938869 25.4094685718
25.6902265311 25.6906065562
26.4977609452 25.1007861004
26.039269909 25.9894851325
25.4194089872 26.7741968233
24.4483214759 27.0129206083
25.4472188396 26.9659732251
24.5532646817 26.5178148117
25.5469358813 26.6301426667
26.5385062878 26.7597116793
27.1213116949 27.57232343
27.00248855 28.5652388646
27.3293366367 29.5103157547
28.1617319729 30.064498039
29.1476455243 29.897242339
28.2560796899 29.444351223
28.8681821216 28.6535727375
27.8844429958 28.8331760012
27.1435790356 29.5048311154
26.7223690773 30.411794274
26.2864457433 31.3117780777
25.4229901621 30.8073531979
26.3522304409 30.4378772119
27.3072214317 30.1412424069
28.2049451237 29.7006834746
28.5214298124 30.6492810931
28.408853875 31.6429242173
28.1325808572 32.6040034126
28.4931688677 33.5367286062
29.0736018736 34.3510366104
29.2832770621 33.3732655148
28.5075712757 32.7421708049
28.4796517629 33.7417809793
27.7410627046 34.4159368982
27.8764763537 35.4067260501
27.2899647576 36.2166668798
26.7572909746 37.0629875288
26.6717055184 38.0593183622
26.872117222 39.0390301306
26.9068473184 40.0384268588
26.7517669338 41.0263287134
26.5707150139 42.0098022526
26.8649955177 42.9655213458
26.602433236 43.9304363929
26.3107931085 44.8869645086
25.4913348052 45.460103313
25.4489398967 46.4592042447
25.1872307358 47.4243510289
25.0256001266 48.4112023582
25.5047757658 49.2889213945
24.746811457 49.9412174213
25.6963176051 50.2549658472
24.7376272641 49.9705140407
25.0646106623 50.9155441235
26.0104062337 50.5907815378
25.0474908935 50.8605852581
25.831329676 50.2396208767
24.8340689101 50.3135868463
25.4252145138 49.5070219852
24.4833656004 49.8430586263
25.3753359493 50.2951525287
24.4025183091 50.5267250637
25.3535075228 50.8359491176
24.4643032216 50.3784387781
25.3833897145 50.7724946353
24.5288021765 50.2531872698
25.4093434693 50.7271567115
24.4697024743 51.0693186623
25.4633435531 50.9567246724
24.4647137487 50.9043938606
25.3992667758 50.548569972
24.404663715 50.6523232925
25.3574351199 50.9560117017
25.2298495877 49.96418413
24.2473296465 50.1503414966
25.1868213162 49.8077697484
24.5096775097 50.543620457
25.380874357 51.0345543153
24.7257080201 51.7900389749
24.0360838022 51.0658715647
24.9614880322 51.4448531093
24.4975763632 50.5589716481
24.3919595914 49.5645647406
24.9903942768 50.3657363373
24.0098967852 50.1692047398
24.9704954207 50.4471440523
25.8179074139 49.9162081675
24.9193350567 50.355033553
25.6780142499 49.7035691397
24.7314456657 50.0260717217
25.405337315 50.7649019085
26.0862534519 50.0325405124
25.1028619286 50.2140373773
24.1178369911 50.3864493036
25.0923288578 50.6108721223
24.4172682297 49.873109865
25.187354468 50.5110496628
25.2083045396 49.5112691396
25.5721282315 50.4427369712
24.5922814869 50.642487709
25.251389103 51.3945363447
24.2674834027 51.5732248248
24.8551022506 50.7640869567
25.4609395397 49.9684983826
24.5530098854 50.3876209694
25.0941662385 49.5466989746
24.9778477293 50.539910938
25.9635560867 50.3714501587
24.9635567884 50.3726348704
23.9774118546 50.2067488571
24.7331136717 50.8616647018
24.075491817 50.1083165113
25.0603066224 49.9347083348
24.0622132763 49.8729857907
25.0115748326 50.1871714612
24.0808750085 49.821387594
25.0514229163 50.0622957894
26.0509606098 50.0926997266
25.1143878632 50.4431729644
25.9714275103 49.9279224979
25.3116795154 50.6794094127
25.2163593493 49.6839627462
24.9750195506 50.6544034201
25.9193649895 50.3254479639
24.9362128784 50.5082372592
24.0291681091 50.0872030724
25.0173859431 50.2402570256
24.2939346977 49.5498815512
25.2898692101 49.4598013251
24.9105034588 50.3850481175
24.0801762223 49.8277719918
25.0576100219 50.0390139558
24.3698732335 50.7649740855
25.3231498177 51.067073
26.0257813483 50.3555191143
25.0269660124 50.4041804412
25.3757793868 49.4669882358
25.2303218079 50.4563527252
26.1006120733 50.9488919156
25.1152195621 51.119190474
24.1261845937 50.9715089545
25.1227415686 51.0544197245
24.2357316324 50.5926693881
25.2288912353 50.4759046539
24.5956191548 49.7019754117
23.7585694851 50.2491023168
24.0400200216 51.2086780541
25.0017279697 51.482754362
25.9670888787 51.2218361462
24.9812894362 51.3897630921
25.621858868 50.6218628362
25.695339509 49.6245661925
26.3216222869 50.4041621661
25.3454905616 50.6213414812
24.3478975371 50.69068236
25.3217542216 50.9178456449
